0 0 0 0 0 0
0 0.166667 0 0 0 0
0 0.333333 0 0 0 -0
0 0.5 0.393458 0 0 0
0 0.666667 0.126736 -0.000866556 1 0.014081
0 0.833333 0 0 0 0
0 1 0.139783 -0.0114786 -0.0770716 0.0420484
0 1.16667 0.620492 0 0 0
0 1.33333 0 0 0 0

0.166667 0 0 0 0 0
0.166667 0.166667 0 0 0 0
0.166667 0.333333 0.0623225 0 -0.00519934 -0
0.166667 0.5 0 0 1 0
0.166667 0.666667 0.178838 -0.00321339 -0.0495911 0.0135766
0.166667 0.833333 0.271201 0 0 0.0226397
0.166667 1 0.0927131 -0.0184866 0 0
0.166667 1.16667 0.329375 -0.00863237 0 0
0.166667 1.33333 1.0326e-321 1.0326e-321 5.58294e-322 4.00193e-322

0.333333 0 0 0 0 0
0.333333 0.166667 0 0 0 0
0.333333 0.333333 0.230941 0 -0.0192803 -0
0.333333 0.5 0.0623225 0 1 0.00519934
0.333333 0.666667 0.225424 -0.00547615 0 0
0.333333 0.833333 0.211836 -0.00377329 -0.0291545 0.0462317
0.333333 1 0 0 0 0
0.333333 1.16667 0.0825035 -0.0243238 0 0
0.333333 1.33333 0 0 4.66977e-310 4.66977e-310

0.5 0 0 0 0 0
0.5 0.166667 0 0 0 -0
0.5 0.333333 0.393458 0 0 0
0.5 0.5 0.126736 -0.000866556 1 0.014081
0.5 0.666667 0 0 0 0
0.5 0.833333 0.139783 -0.0114786 -0.0770716 0.0420484
0.5 1 0.620492 0 0 0
0.5 1.16667 0 0 0 0
0.5 1.33333 0 0 2.14268e+38 2.14268e+38

0.666667 0 0 0 0 0
0.666667 0.166667 0.0623225 0 -0.00519934 -0
0.666667 0.333333 0 0 1 0
0.666667 0.5 0.178838 -0.00321339 -0.0495911 0.0135766
0.666667 0.666667 0.271201 0 0 0.0226397
0.666667 0.833333 0.0927131 -0.0184866 0 0
0.666667 1 0.329375 -0.00863237 0 0
0.666667 1.16667 1.0326e-321 1.0326e-321 5.58294e-322 4.00193e-322
0.666667 1.33333 0 0 0.184886 0

0.833333 0 0 0 0 0
0.833333 0.166667 0.230941 0 -0.0192803 -0
0.833333 0.333333 0.0623225 0 1 0.00519934
0.833333 0.5 0.225424 -0.00547615 0 0
0.833333 0.666667 0.211836 -0.00377329 -0.0291545 0.0462317
0.833333 0.833333 0 0 0 0
0.833333 1 0.0825035 -0.0243238 0 0
0.833333 1.16667 0 0 4.66977e-310 4.66977e-310
0.833333 1.33333 0 0 0 2.35842e-139

1 0 0 0 0 -0
1 0.166667 0.393458 0 0 0
1 0.333333 0.126736 -0.000866556 1 0.014081
1 0.5 0 0 0 0
1 0.666667 0.139783 -0.0114786 -0.0770716 0.0420484
1 0.833333 0.620492 0 0 0
1 1 0 0 0 0
1 1.16667 0 0 2.14268e+38 2.14268e+38
1 1.33333 0 0 2.12203e-314 4.66906e-310

1.16667 0 0.0623225 0 -0.00519934 -0
1.16667 0.166667 0 0 1 0
1.16667 0.333333 0.178838 -0.00321339 -0.0495911 0.0135766
1.16667 0.5 0.271201 0 0 0.0226397
1.16667 0.666667 0.0927131 -0.0184866 0 0
1.16667 0.833333 0.329375 -0.00863237 0 0
1.16667 1 1.0326e-321 1.0326e-321 5.58294e-322 4.00193e-322
1.16667 1.16667 0 0 0.184886 0
1.16667 1.33333 0 0 0.00594133 4.66906e-310

1.33333 0 0.230941 0 -0.0192803 -0
1.33333 0.166667 0.0623225 0 1 0.00519934
1.33333 0.333333 0.225424 -0.00547615 0 0
1.33333 0.5 0.211836 -0.00377329 -0.0291545 0.0462317
1.33333 0.666667 0 0 0 0
1.33333 0.833333 0.0825035 -0.0243238 0 0
1.33333 1 0 0 4.66977e-310 4.66977e-310
1.33333 1.16667 0 0 0 2.35842e-139
1.33333 1.33333 0 0 -0.00479011 2.122e-314

