0.333333 0.333333 0 0 1 -0
0.333333 0.666667 0 0 0 0
0.333333 1 0 0 0 -0
0.333333 1.33333 0 0 0 0
0.333333 1.66667 0 0 0 -0
0.333333 2 0 0 0 0
0.333333 2.33333 0 0 0 -0
0.333333 2.66667 0 0 0 0
0.333333 3 0 0 0 0
0.333333 3.33333 0 0 0 0
0.333333 3.66667 0 0 0 0
0.333333 4 0 0 0 0
0.333333 4.33333 0 0 0 0
0.333333 4.66667 0 0 0 0
0.333333 5 0 0 0 0
0.333333 5.33333 0 0 0 0

0.666667 0.333333 0 0 1 -0
0.666667 0.666667 0 0 0 0
0.666667 1 0 0 0 -0
0.666667 1.33333 0 0 0 0
0.666667 1.66667 0 0 0 -0
0.666667 2 0 0 0 0
0.666667 2.33333 0 0 0 -0
0.666667 2.66667 0 0 0 0
0.666667 3 0 0 0 0
0.666667 3.33333 0 0 0 0
0.666667 3.66667 0 0 0 0
0.666667 4 0 0 0 0
0.666667 4.33333 0 0 0 0
0.666667 4.66667 0 0 0 0
0.666667 5 0 0 0 0
0.666667 5.33333 0 0 0 0

1 0.333333 0 0 1 -0
1 0.666667 0 0 0 0
1 1 0 0 0 -0
1 1.33333 0 0 0 0
1 1.66667 0 0 0 -0
1 2 0 0 0 0
1 2.33333 0 0 0 -0
1 2.66667 0 0 0 0
1 3 0 0 0 0
1 3.33333 0 0 0 0
1 3.66667 0 0 0 0
1 4 0 0 0 0
1 4.33333 0 0 0 0
1 4.66667 0 0 0 0
1 5 0 0 0 0
1 5.33333 0 0 0 0

1.33333 0.333333 0 0 1 -0
1.33333 0.666667 0 0 0 0
1.33333 1 0 0 0 -0
1.33333 1.33333 0 0 0 0
1.33333 1.66667 0 0 0 -0
1.33333 2 0 0 0 0
1.33333 2.33333 0 0 0 -0
1.33333 2.66667 0 0 0 0
1.33333 3 0 0 0 0
1.33333 3.33333 0 0 0 0
1.33333 3.66667 0 0 0 0
1.33333 4 0 0 0 0
1.33333 4.33333 0 0 0 0
1.33333 4.66667 0 0 0 0
1.33333 5 0 0 0 0
1.33333 5.33333 0 0 0 0

1.66667 0.333333 0 0 0 0
1.66667 0.666667 0 0 0 0
1.66667 1 0 0 1 -0
1.66667 1.33333 0 0 0 0
1.66667 1.66667 0 0 0 -0
1.66667 2 0 0 0 0
1.66667 2.33333 0 0 0 -0
1.66667 2.66667 0 0 0 0
1.66667 3 0 0 0 0
1.66667 3.33333 0 0 0 0
1.66667 3.66667 0 0 0 0
1.66667 4 0 0 0 0
1.66667 4.33333 0 0 0 0
1.66667 4.66667 0 0 0 0
1.66667 5 0 0 0 0
1.66667 5.33333 0 0 0 0

2 0.333333 0 0 0 0
2 0.666667 0 0 0 0
2 1 0 0 1 -0
2 1.33333 0 0 0 0
2 1.66667 0 0 0 -0
2 2 0 0 0 0
2 2.33333 0 0 0 -0
2 2.66667 0 0 0 0
2 3 0 0 0 0
2 3.33333 0 0 0 0
2 3.66667 0 0 0 0
2 4 0 0 0 0
2 4.33333 0 0 0 0
2 4.66667 0 0 0 0
2 5 0 0 0 0
2 5.33333 0 0 0 0

2.33333 0.333333 0 0 0 0
2.33333 0.666667 0 0 0 0
2.33333 1 0 0 1 -0
2.33333 1.33333 0 0 0 0
2.33333 1.66667 0 0 0 -0
2.33333 2 0 0 0 0
2.33333 2.33333 0 0 0 -0
2.33333 2.66667 0 0 0 0
2.33333 3 0 0 0 0
2.33333 3.33333 0 0 0 0
2.33333 3.66667 0 0 0 0
2.33333 4 0 0 0 0
2.33333 4.33333 0 0 0 0
2.33333 4.66667 0 0 0 0
2.33333 5 0 0 0 0
2.33333 5.33333 0 0 0 0

2.66667 0.333333 0 0 0 0
2.66667 0.666667 0 0 0 0
2.66667 1 0 0 1 -0
2.66667 1.33333 0 0 0 0
2.66667 1.66667 0 0 0 -0
2.66667 2 0 0 0 0
2.66667 2.33333 0 0 0 -0
2.66667 2.66667 0 0 0 0
2.66667 3 0 0 0 0
2.66667 3.33333 0 0 0 0
2.66667 3.66667 0 0 0 0
2.66667 4 0 0 0 0
2.66667 4.33333 0 0 0 0
2.66667 4.66667 0 0 0 0
2.66667 5 0 0 0 0
2.66667 5.33333 0 0 0 0

3 0.333333 0 0 0 0
3 0.666667 0 0 0 -0
3 1 0 0 0 0
3 1.33333 0 0 0 0
3 1.66667 0 0 1 -0
3 2 0 0 0 0
3 2.33333 0 0 0 -0
3 2.66667 0 0 0 0
3 3 0 0 0 0
3 3.33333 0 0 0 0
3 3.66667 0 0 0 0
3 4 0 0 0 0
3 4.33333 0 0 0 0
3 4.66667 0 0 0 0
3 5 0 0 0 0
3 5.33333 0 0 0 0

3.33333 0.333333 0 0 0 0
3.33333 0.666667 0 0 0 -0
3.33333 1 0 0 0 0
3.33333 1.33333 0 0 0 0
3.33333 1.66667 0 0 1 -0
3.33333 2 0 0 0 0
3.33333 2.33333 0 0 0 -0
3.33333 2.66667 0 0 0 0
3.33333 3 0 0 0 0
3.33333 3.33333 0 0 0 0
3.33333 3.66667 0 0 0 0
3.33333 4 0 0 0 0
3.33333 4.33333 0 0 0 0
3.33333 4.66667 0 0 0 0
3.33333 5 0 0 0 0
3.33333 5.33333 0 0 0 0

3.66667 0.333333 0 0 0 0
3.66667 0.666667 0 0 0 -0
3.66667 1 0 0 0 0
3.66667 1.33333 0 0 0 0
3.66667 1.66667 0 0 1 -0
3.66667 2 0 0 0 0
3.66667 2.33333 0 0 0 -0
3.66667 2.66667 0 0 0 0
3.66667 3 0 0 0 0
3.66667 3.33333 0 0 0 0
3.66667 3.66667 0 0 0 0
3.66667 4 0 0 0 0
3.66667 4.33333 0 0 0 0
3.66667 4.66667 0 0 0 0
3.66667 5 0 0 0 0
3.66667 5.33333 0 0 0 0

4 0.333333 0 0 0 0
4 0.666667 0 0 0 -0
4 1 0 0 0 0
4 1.33333 0 0 0 0
4 1.66667 0 0 1 -0
4 2 0 0 0 0
4 2.33333 0 0 0 -0
4 2.66667 0 0 0 0
4 3 0 0 0 0
4 3.33333 0 0 0 0
4 3.66667 0 0 0 0
4 4 0 0 0 0
4 4.33333 0 0 0 0
4 4.66667 0 0 0 0
4 5 0 0 0 0
4 5.33333 0 0 0 0

4.33333 0.333333 0 0 0 0
4.33333 0.666667 0 0 0 -0
4.33333 1 0 0 0 0
4.33333 1.33333 0 0 0 -0
4.33333 1.66667 0 0 0 0
4.33333 2 0 0 0 0
4.33333 2.33333 0 0 1 -0
4.33333 2.66667 0 0 0 0
4.33333 3 0 0 0 0
4.33333 3.33333 0 0 0 0
4.33333 3.66667 0 0 0 0
4.33333 4 0 0 0 0
4.33333 4.33333 0 0 0 0
4.33333 4.66667 0 0 0 0
4.33333 5 0 0 0 0
4.33333 5.33333 0 0 0 0

4.66667 0.333333 0 0 0 0
4.66667 0.666667 0 0 0 -0
4.66667 1 0 0 0 0
4.66667 1.33333 0 0 0 -0
4.66667 1.66667 0 0 0 0
4.66667 2 0 0 0 0
4.66667 2.33333 0 0 1 -0
4.66667 2.66667 0 0 0 0
4.66667 3 0 0 0 0
4.66667 3.33333 0 0 0 0
4.66667 3.66667 0 0 0 0
4.66667 4 0 0 0 0
4.66667 4.33333 0 0 0 0
4.66667 4.66667 0 0 0 0
4.66667 5 0 0 0 0
4.66667 5.33333 0 0 0 0

5 0.333333 0 0 0 0
5 0.666667 0 0 0 -0
5 1 0 0 0 0
5 1.33333 0 0 0 -0
5 1.66667 0 0 0 0
5 2 0 0 0 0
5 2.33333 0 0 1 -0
5 2.66667 0 0 0 0
5 3 0 0 0 0
5 3.33333 0 0 0 0
5 3.66667 0 0 0 0
5 4 0 0 0 0
5 4.33333 0 0 0 0
5 4.66667 0 0 0 0
5 5 0 0 0 0
5 5.33333 0 0 0 0

5.33333 0.333333 0 0 0 0
5.33333 0.666667 0 0 0 -0
5.33333 1 0 0 0 0
5.33333 1.33333 0 0 0 -0
5.33333 1.66667 0 0 0 0
5.33333 2 0 0 0 0
5.33333 2.33333 0 0 1 -0
5.33333 2.66667 0 0 0 0
5.33333 3 0 0 0 0
5.33333 3.33333 0 0 0 0
5.33333 3.66667 0 0 0 0
5.33333 4 0 0 0 0
5.33333 4.33333 0 0 0 0
5.33333 4.66667 0 0 0 0
5.33333 5 0 0 0 0
5.33333 5.33333 0 0 0 0

